0 0.909297 0
0.2 0.561808 0.0463069
0.4 0.00392673 0.0623009
0.6 -0.561035 0.0508228
0.8 -0.927532 0.02407
1 -0.958924 0

0 0.909297 0
0.1 0.752251 0.0065453
0.2 0.526822 0.0113207
0.3 0.253435 0.0141855
0.4 -0.0432175 0.0151567
0.5 -0.336372 0.0144117
0.6 -0.59958 0.0122779
0.7 -0.809069 0.00920829
0.8 -0.945856 0.00574577
0.9 -0.997443 0.00248014
1 -0.958924 0

0 0.909297 0
0.05 0.837764 0.000865617
0.1 0.747333 0.00162804
0.15 0.640044 0.00227951
0.2 0.518316 0.00281448
0.25 0.384891 0.00322978
0.3 0.242774 0.00352474
0.35 0.0951659 0.00370122
0.4 -0.0546106 0.00376359
0.45 -0.203183 0.00371871
0.5 -0.347207 0.0035758
0.55 -0.48344 0.00334625
0.6 -0.608814 0.00304342
0.65 -0.720506 0.00268238
0.7 -0.815997 0.00227963
0.75 -0.893137 0.00185272
0.8 -0.950182 0.00141993
0.85 -0.985844 0.000999905
0.9 -0.999312 0.000611245
0.95 -0.990274 0.000272142
1 -0.958924 0

0 0.909297 0
0.025 0.875671 0.000111153
0.05 0.837115 0.000216142
0.075 0.793847 0.000314676
0.1 0.746112 0.000406495
0.125 0.694176 0.000491375
0.15 0.638334 0.000569123
0.175 0.578898 0.000639585
0.2 0.516204 0.000702644
0.225 0.450604 0.000758219
0.25 0.382467 0.000806272
0.275 0.312177 0.000846799
0.3 0.240129 0.000879841
0.325 0.166729 0.000905475
0.35 0.0923885 0.000923819
0.375 0.0175269 0.000935032
0.4 -0.0574348 0.000939307
0.425 -0.132075 0.00093688
0.45 -0.205974 0.000928021
0.475 -0.278716 0.000913036
0.5 -0.349891 0.000892265
0.525 -0.419099 0.000866082
0.55 -0.485952 0.00083489
0.575 -0.550072 0.000799121
0.6 -0.611099 0.000759235
0.625 -0.668689 0.000715717
0.65 -0.722519 0.000669071
0.675 -0.772286 0.000619823
0.7 -0.817709 0.000568514
0.725 -0.858532 0.000515702
0.75 -0.894527 0.000461954
0.775 -0.925491 0.000407846
0.8 -0.951248 0.000353958
0.825 -0.971654 0.000300875
0.85 -0.986595 0.00024918
0.875 -0.995985 0.000199453
0.9 -0.999771 0.000152266
0.925 -0.997932 0.000108184
0.95 -0.990479 6.77577e-05
0.975 -0.977452 3.15237e-05
1 -0.958924 0

0 0.909297 0
0.0125 0.89307 1.40778e-05
0.025 0.875587 2.77801e-05
0.0375 0.856873 4.1097e-05
0.05 0.836953 5.40192e-05
0.0625 0.815856 6.65379e-05
0.075 0.793611 7.86446e-05
0.0875 0.770251 9.03317e-05
0.1 0.745807 0.000101592
0.1125 0.720314 0.000112418
0.125 0.693808 0.000122804
0.1375 0.666326 0.000132744
0.15 0.637907 0.000142234
0.1625 0.608591 0.000151268
0.175 0.578418 0.000159842
0.1875 0.547433 0.000167954
0.2 0.515677 0.0001756
0.2125 0.483196 0.000182778
0.225 0.450035 0.000189488
0.2375 0.416242 0.000195726
0.25 0.381862 0.000201495
0.2625 0.346946 0.000206792
0.275 0.311542 0.000211621
0.2875 0.2757 0.000215981
0.3 0.239469 0.000219876
0.3125 0.202902 0.000223308
0.325 0.166049 0.00022628
0.3375 0.128963 0.000228797
0.35 0.0916955 0.000230862
0.3625 0.0542988 0.000232482
0.375 0.0168256 0.000233662
0.3875 -0.0206714 0.000234408
0.4 -0.0581394 0.000234728
0.4125 -0.0955258 0.000234628
0.425 -0.132778 0.000234118
0.4375 -0.169843 0.000233207
0.45 -0.20667 0.000231902
0.4625 -0.243206 0.000230214
0.475 -0.279401 0.000228154
0.4875 -0.315202 0.000225733
0.5 -0.35056 0.000222961
0.5125 -0.385426 0.000219851
0.525 -0.419749 0.000216415
0.5375 -0.453482 0.000212667
0.55 -0.486578 0.000208618
0.5625 -0.518989 0.000204284
0.575 -0.550671 0.000199677
0.5875 -0.581579 0.000194814
0.6 -0.611668 0.000189708
0.6125 -0.640898 0.000184375
0.625 -0.669226 0.000178831
0.6375 -0.696613 0.000173091
0.65 -0.723021 0.000167172
0.6625 -0.748412 0.000161091
0.675 -0.772751 0.000154864
0.6875 -0.796002 0.000148509
0.7 -0.818135 0.000142042
0.7125 -0.839117 0.000135481
0.725 -0.858919 0.000128844
0.7375 -0.877514 0.000122148
0.75 -0.894874 0.000115412
0.7625 -0.910976 0.000108654
0.775 -0.925797 0.000101891
0.7875 -0.939316 9.51422e-05
0.8 -0.951514 8.84256e-05
0.8125 -0.962374 8.17593e-05
0.825 -0.97188 7.51617e-05
0.8375 -0.98002 6.8651e-05
0.85 -0.986782 6.22453e-05
0.8625 -0.992156 5.59627e-05
0.875 -0.996134 4.98211e-05
0.8875 -0.998712 4.38385e-05
0.9 -0.999885 3.80325e-05
0.9125 -0.999652 3.24206e-05
0.925 -0.998014 2.70202e-05
0.9375 -0.994971 2.18484e-05
0.95 -0.99053 1.69221e-05
0.9625 -0.984695 1.22579e-05
0.975 -0.977475 7.87222e-06
0.9875 -0.968881 3.781e-06
1 -0.958924 0

