0 0.909297
0.01 0.896406
0.02 0.882707
0.03 0.868215
0.04 0.85294
0.05 0.836899
0.06 0.820104
0.07 0.802571
0.08 0.784316
0.09 0.765355
0.1 0.745705
0.11 0.725384
0.12 0.704411
0.13 0.682803
0.14 0.660581
0.15 0.637765
0.16 0.614374
0.17 0.590431
0.18 0.565956
0.19 0.540972
0.2 0.515501
0.21 0.489567
0.22 0.463191
0.23 0.436399
0.24 0.409214
0.25 0.381661
0.26 0.353764
0.27 0.325549
0.28 0.297041
0.29 0.268266
0.3 0.239249
0.31 0.210017
0.32 0.180596
0.33 0.151013
0.34 0.121293
0.35 0.0914646
0.36 0.0615537
0.37 0.0315874
0.38 0.00159265
0.39 -0.0284035
0.4 -0.0583741
0.41 -0.0882922
0.42 -0.118131
0.43 -0.147863
0.44 -0.177462
0.45 -0.206902
0.46 -0.236155
0.47 -0.265196
0.48 -0.293998
0.49 -0.322536
0.5 -0.350783
0.51 -0.378715
0.52 -0.406306
0.53 -0.433531
0.54 -0.460366
0.55 -0.486787
0.56 -0.512769
0.57 -0.538291
0.58 -0.563327
0.59 -0.587857
0.6 -0.611858
0.61 -0.635308
0.62 -0.658186
0.63 -0.680473
0.64 -0.702146
0.65 -0.723188
0.66 -0.743579
0.67 -0.763301
0.68 -0.782336
0.69 -0.800667
0.7 -0.818277
0.71 -0.835151
0.72 -0.851273
0.73 -0.86663
0.74 -0.881206
0.75 -0.894989
0.76 -0.907967
0.77 -0.920128
0.78 -0.931461
0.79 -0.941955
0.8 -0.951602
0.81 -0.960392
0.82 -0.968319
0.83 -0.975373
0.84 -0.98155
0.85 -0.986844
0.86 -0.991249
0.87 -0.994763
0.88 -0.997381
0.89 -0.999102
0.9 -0.999923
0.91 -0.999845
0.92 -0.998867
0.93 -0.99699
0.94 -0.994216
0.95 -0.990547
0.96 -0.985986
0.97 -0.980538
0.98 -0.974208
0.99 -0.967001
